0
0.1
0.0 40.0 0.0
0.2
0.0 1.0 0.0
2
0.0 5.0 0.0
1

0
0.15
0.0 2.0 5.0
0.9
1.0 0.0 0.0
4
20.0 10.0 -5.0
-20.0 10.0 -5.0
15.0 10.0 15.0
1

0
0.15
20.0 30.0 10.0
0.0
0.0 1.0 0.0
3
0.0 2.0 0.0
0.0 5.0 20.0
1

0
0.1
10.0 5.0 15.0
1.0
0.0 1.0 0.0
4
0.0 5.0 0.0
-10.0 5.0 10.0
-10.0 5.0 -10.0
1

0
0.0
0.0 2.0 5.0
0.9
0.0 1.0 0.0
4
20.0 10.0 -5.0
-20.0 10.0 -5.0
-20.0 10.0 15.0
1

0
0.0
0.0 2.0 0.0
0.9
0.0 1.0 0.0
1
1

0
0.0
10.0 5.0 0.0
0.9
0.0 1.0 0.0
1
1

0
0.1
-10.0 5.0 10.0
0.5
0.0 1.0 0.0
1
1

0
0.15
-20.0 2.0 -10.0
0.0
0.0 1.0 0.0
3
0.0 6.0 20.0
5.0 10.0 15.0
1

0
0.1
0.0 5.0 0.0
1.0
1.0 1.0 0.5
5
10.0 5.0 10.0
0.0 5.0 20.0
-10.0 5.0 10.0
0.0 5.0 0.0
1

0
0.1
-30.0 5.0 10.0
0.0
0.0 1.0 0.0
3
30.0 10.0 -10.0
0.0 5.0 20.0
1

-1 TERMINAL SYMBOL

Type (uint, see below)
speed (float, can be 0.0)
xPos yPos zPos (floats)

rotSpeed (float)
rotAxisX rotAxisY rotAxisZ (floats)

numKeyFrames (uint not including start)
keyX keyY keyZ (floats)
keyX keyY keyZ (floats)
keyX keyY keyZ (floats)
...
repeating (bool)

KEY:
0 Bullseye